3866 2693
3637 3024
3542 2595
3747 2975
3828 3261
3729 2792
3914 3266
3513 2987
3669 3001
3861 3242
3610 3373
3777 2654
3762 3413
3584 2914
3893 2566
3859 2698
7202 3602
3794 2659
3989 3093
3990 3264
3515 3294
3552 3085
3790 3297
3924 2822
3732 2569
3831 2977
3643 3418
3516 3153
3702 2957
3569 3039
3758 2888
3752 3285
3980 3208
3903 3414
3745 2684
3878 3030
3961 3178
3520 3428
3559 3382
3867 3314
3640 2639
3978 2530
3632 2519
3993 3472
3743 3455
3949 2642
3615 2558
3928 2785
3642 2518
3606 2960
3602 3164
3988 3291
3836 2990
3526 3232
3682 3022
3504 2544
3567 2862
3780 3283
3646 2556
3689 2624
3509 3412
3676 3332
3712 3234
3853 2601
3692 2824
3964 2605
3506 3091
3814 3154
3609 2984
3815 3244
3977 2723
3660 3155
3875 2779
3601 3416
3756 3480
3936 2761
3857 3258
3871 2771
3731 3098
3650 2865
3948 3100
3675 2512
3674 2590
3576 2831
3537 2980
3566 3384
10 10
3700 2904
3886 3357
3922 2846
3705 3217
3677 2778
3944 2924
3765 3254
3543 3066
3582 2695
3779 2803
3972 2819
3603 2630
3880 2968
3775 2578
3992 2952
3873 2800
3635 2855
3651 2913
3942 3043
3672 3312
3579 2593
3709 3011
3687 2532
3981 2526
3931 3111
3591 3323
3985 2611
3565 3169
3645 2664
3706 3062
3544 2562
3600 2549
3824 2755
3664 3045
3950 3122
3830 3493
3626 3343
3820 3165
3796 2868
3668 2735
3834 2523
3952 2897
3904 3117
3920 2751
3700 3700
3717 3400
3533 2711
3554 3049
3902 2725
3759 2875
3887 2721
3771 3159
3630 3474
3546 2631
3967 2769
3688 3497
3974 2508
3854 3381
3811 2662
3963 3346
3751 3218
3959 3313
3594 3377
3666 2856
3659 2567
3826 2633
3695 3371
3608 3272
3733 2930
3536 3274
3869 3016
3761 3365
3852 3092
3598 2689
3737 3027
3735 2937
3923 3047
3999 3466
3725 3253
3564 3410
3766 3251
3673 3423
3970 2756
3799 2626
7200 3601
3884 2876
3710 2928
3636 2622
3653 2887
3585 2621
3738 2749
3804 3056
3829 3490
3578 2634
3812 3340
3795 2864
3839 3295
3846 2681
3994 3176
3701 2827
3719 2510
3856 3305
3617 2705
3684 3263
3716 3383
3890 2956
3538 3399
3699 2805
3919 2587
3517 2501
3711 2641
3736 2809
3605 2527
3827 3112
3929 3396
3996 3252
3938 2727
3621 2676
3891 3376
3727 2830
3730 3304
3570 2629
3983 3362
3778 3109
3690 3189
3505 2648
3625 2972
3864 2837
3930 3194
3619 2965
3969 2559
3789 2829
3507 3097
3798 3237
3663 2505
3788 2828
3616 3321
3611 2685
3656 3366
3742 2612
3925 3303
3622 2733
3863 2981
3539 3127
3612 2814
3785 2942
3519 2602
3540 3128
3783 2884
3792 3152
3661 2650
3707 2955
3769 3211
3772 3238
3957 2821
3770 3074
3551 3037
3558 3452
3822 2848
3802 2513
3670 2890
3624 3436
3940 2925
3782 3216
3596 3005
3639 2553
3821 2746
3644 2795
3954 3241
3724 2586
3654 3051
3501 3280
3808 2788
3607 3174
3932 2617
3781 3196
3868 2560
3700 3701
3955 3150
3845 3225
3910 2843
3995 3124
3823 3119
3521 2923
3514 2534
3881 3188
3652 2537
3965 2974
3746 3070
3933 3115
3876 3439
3912 2986
3982 2808
3595 2715
3807 2551
3844 3050
3613 3275
3806 3494
3800 3230
3895 3360
3874 2557
3818 3375
3885 2665
3749 3197
3934 2807
3708 2667
3679 2575
3671 3206
3872 3380
3511 3335
3634 3284
3518 3013
3986 2936
3718 2844
3618 3026
3586 3034
3604 2790
3837 2500
3896 2813
3838 2528
3975 2719
3757 2690
3694 3422
3915 3387
3628 2529
3633 3171
3614 3324
3899 3235
7198 3600
3786 3029
3840 2839
3681 2627
3939 3426
3951 2649
3976 1989
3700 3702
3803 2563
3941 2707
3512 3145
3647 2757
3897 3298
3696 3025
3549 3333
3848 2806
3678 3139
3631 2796
3545 3203
3593 3184
3833 2548
3734 3038
3860 3287
3655 2896
3532 2797
3997 3072
3809 3477
3900 3219
3763 2854
3691 3071
4000 2714
3531 2945
3849 3020
3739 2726
3797 2873
3847 3402
3787 3220
3850 2728
3865 2745
3991 3459
3870 3279
3946 2988
3568 3308
3522 2754
3906 3156
3877 2954
3592 3461
3623 2838
3686 3406
3722 3330
3750 3170
3973 2582
3998 2951
3776 2947
3721 3356
3879 2804
3843 3278
3791 2750
3703 3386
3882 3067
3563 3236
3767 2767
3913 3146
3984 2903
3945 3415
3597 3133
3580 2970
3620 3499
3629 3429
3855 3012
3835 3201
3748 3358
3744 2764
3888 3281
3760 2625
3589 3057
3728 3082
3704 3123
3574 2964
3979 3344
3813 3227
3754 2644
3720 2768
3858 2610
3683 2703
3693 3449
3657 3215
3774 3167
3560 3179
3817 3207
3561 2901
3502 3398
3599 2861
3851 2503
3648 3121
3755 2613
3662 3498
3638 3350
3966 3077
3825 3405
3547 2589
3535 3108
3658 3015
3958 3368
3962 3434
3529 3438
3715 2702
3525 3021
3816 2782
3911 2999
3583 3010
3883 2507
3894 2658
3557 3089
3590 3292
3987 2978
3571 2618
3793 3060
3572 2973
3641 2732
3916 2520
3764 2713
3898 3440
3901 2760
3527 3457
3685 2717
3680 2603
3960 2704
3698 3388
3768 2963
3819 3334
3726 2793
3810 3182
3588 2615
3562 3282
3937 3454
3889 2744
3956 3113
3524 2734
3523 2817
3508 3433
3909 2851
3548 3069
3627 2747
3555 2823
3697 3345
3714 3140
3805 2832
3921 2661
3553 3231
3530 2886
3740 3058
3907 3014
3753 2798
3784 3246
3801 2674
3713 3462
3842 3385
3841 2953
3573 3364
3556 2920
3892 3293
3723 3320
3528 2773
3832 2555
3935 2971
3908 3018
3862 3311
3534 2878
3510 2718
3550 2995
3541 2998
3947 3338
3587 2789
3667 2992
3953 3095
3943 2969
3741 3213
3927 3465
3577 2737
3971 3248
3917 2905
3976 3276
3575 2581
3503 2588
3581 3104
3665 3483