1006 1006 1007 1008
1002 1005 1000 1002
1007 1005 1006 1006
1008 1007 1007 1009
1006 1000 1000 1009
1005 1000 1009 1006
1000 1005 1008 1004
1007 1006 1006 5847
1008 1007 1004 1005
1002 2685 1006 1008
1002 1007 1005 1000
4655 1003 1005 1005
1000 1003 1003 1007
1004 9397 9881 1007
1000 1002 1005 1007
1005 1003 1007 1004
5491 5220 1000 1003
1006 5806 1009 1006
1004 1004 1004 1005
1007 1007 1006 1001
1000 1007 1008 1004
1002 8447 1005 1004
1004 1003 1008 1008
1003 1001 1004 1004
1006 9592 1004 1001
1003 1003 1003 1004
1004 1005 1008 1009
1004 1004 1000 1003
1008 1002 1006 8532
1006 1002 1008 1002
1002 1009 1006 1007
1006 1009 1002 1009
1007 1006 1004 1003
1008 5319 1006 1006
1003 1004 1003 1001
1001 1004 1001 1006
1007 3596 1008 1009
1002 8492 1005 1007
1005 1006 1009 1008
1003 1007 1004 1009
1009 1001 8235 1000
1003 1004 1002 1001
1000 1007 1001 1008
1005 1008 1001 1006
2529 1001 1006 1009
1004 1009 1007 1007
7899 1003 1002 7400
1004 1004 1000 1006
1000 2026 1007 8685
1004 1008 1004 1002