48 23 64 29
34 96 58 73
29 13 17 27
93 10 56 94
16 88 37 78
96 17 55 67
19 57 67 55
38 34 39 38
49 52 24 42
97 24 31 73
41 53 36 36
26 27 61 52
19 36 63 26
93 86 13 82
26 24 38 69
39 30 30 85
49 59 50 96
83 77 51 83
43 24 53 14
51 93 65 72
31 71 58 80
40 43 90 98
11 42 77 32
18 47 76 14
45 10 50 66
28 60 84 68
84 87 14 12
59 18 22 40
94 79 83 89
77 44 64 20
12 63 73 69
79 45 55 76
66 31 86 48
65 17 94 39
93 33 31 30
46 26 89 99
83 18 56 82
11 80 41 47
35 30 23 39
61 15 60 90
87 72 53 35
34 78 68 37
54 16 38 39
92 25 44 22
40 46 76 16
22 80 29 58
57 33 78 56
38 99 98 63
67 13 70 32
41 75 87 74
10 46 21 29
62 99 78 66
35 11 33 65
85 17 41 79
92 31 79 87
67 37 60 57
12 81 91 20
49 15 72 14
43 69 13 64
21 16 90 48
10 77 52 55
68 96 85 42
35 32 11 23
54 98 21 43
34 28 64 62
95 70 36 86
25 45 49 94
75 43 11 99
71 32 88 25
37 25 76 32
27 89 30 74
47 75 84 24
51 40 73 54
51 58 71 15
62 15 12 63
19 81 81 50
56 27 42 16
27 26 53 61
18 54 82 22
65 74 97 60
68 17 20 91
44 88 72 91
95 85 80 75
25 95 28 14
34 45 47 41
84 19 89 48
13 50 28 59
19 95 23 21
46 66 23 22
18 98 61 42
70 97 46 52
59 81 88 71
12 20 21 92
40 15 20 35
97 82 29 62
74 37 45 36
90 92 33 28
57 91 44 44
70 33 86 69