152308
121852
191192
104357
167392
163680
113440
182957
125632
190146
147483
166142
198973
191117
172171
168056
134640
167275
152173
193728
192708
141473
180875
117813
184600
187002
167497
194785
116264
162720
115519
110034
189390
149294
150384
165580
111054
197062
181794
182839
192968
104901
140603
193706
185207
114098
135821
185446
109009
136186
154713
149695
176682
123978
195215
157992
105913
100106
158267
194872
179151
148856
115083
154102
123308
180306
175867
134339
133718
114309
163970
155271
160410
122351
116123
191528
186027
187887
128279
171459
136455
125546
100480
117098
165754
171041
185241
111776
104960
195865
167377
173309
191006
166402
166685
181068
128666
128317
136829
170624